ano rodata mandante_Placar visitante_Placar soma_diferenca jogos
2003 2 24 20 4 12
2003 3 27 9 18 12
2003 4 27 17 10 12
2003 5 20 15 5 12
2003 6 28 13 15 12
2003 7 23 15 8 12
2003 8 23 11 12 12
2003 9 18 7 11 12
2003 10 21 12 9 12
2003 11 31 13 18 12
2003 12 22 11 11 12
2003 13 11 15 -4 12
2003 14 24 16 8 11
2003 15 15 13 2 13
2003 16 20 17 3 12
2003 17 18 7 11 12
2003 18 15 11 4 12
2003 19 21 14 7 12
2003 20 27 16 11 12
2003 21 19 11 8 12
2003 22 20 16 4 12
2003 23 19 13 6 12
2003 24 21 9 12 12
2003 25 20 16 4 12
2003 26 11 12 -1 12
2003 27 17 10 7 12
2003 28 23 9 14 12
2003 29 18 9 9 12
2003 30 23 13 10 12
2003 31 23 6 17 12
2003 32 26 16 10 12
2003 33 23 7 16 12
2003 34 16 16 0 12
2003 35 20 12 8 12
2003 36 26 13 13 12
2003 37 26 11 15 12
2003 38 20 19 1 12
2003 39 17 17 0 12
2003 40 23 17 6 12
2003 41 22 10 12 12
2003 42 26 17 9 12
2003 43 22 16 6 12
2003 44 23 13 10 12
2003 45 21 19 2 12
2003 46 24 15 9 12
2004 1 16 13 3 12
2004 2 18 12 6 12
2004 3 19 13 6 12
2004 4 20 15 5 12
2004 5 24 9 15 12
2004 6 20 12 8 12
2004 7 13 20 -7 12
2004 8 21 13 8 12
2004 9 20 12 8 12
2004 10 13 10 3 12
2004 11 19 19 0 12
2004 12 22 15 7 12
2004 13 24 12 12 12
2004 14 18 5 13 12
2004 15 22 10 12 12
2004 16 25 11 14 12
2004 17 22 12 10 12
2004 18 18 9 9 12
2004 19 28 9 19 12
2004 20 21 9 12 12
2004 21 15 19 -4 12
2004 22 17 12 5 12
2004 23 17 12 5 12
2004 24 23 7 16 12
2004 25 26 11 15 12
2004 26 23 12 11 12
2004 27 17 19 -2 12
2004 28 18 18 0 12
2004 29 12 14 -2 12
2004 30 18 12 6 12
2004 31 18 12 6 12
2004 32 22 15 7 12
2004 33 25 15 10 12
2004 34 28 11 17 12
2004 35 21 16 5 12
2004 36 23 15 8 12
2004 37 18 16 2 12
2004 38 27 12 15 12
2004 39 21 11 10 12
2004 40 20 11 9 12
2004 41 32 12 20 12
2004 42 14 11 3 12
2004 43 23 15 8 12
2004 44 21 11 10 12
2004 45 17 14 3 12
2004 46 29 15 14 12
2005 1 15 15 0 11
2005 2 16 14 2 11
2005 3 14 11 3 11
2005 4 20 16 4 11
2005 5 23 10 13 11
2005 6 15 7 8 11
2005 7 21 13 8 11
2005 8 21 14 7 11
2005 9 14 20 -6 11
2005 10 19 9 10 11
2005 11 22 16 6 11
2005 12 20 20 0 11
2005 13 25 30 -5 11
2005 14 19 15 4 11
2005 15 14 10 4 11
2005 16 20 17 3 11
2005 17 22 13 9 11
2005 18 15 19 -4 11
2005 19 16 10 6 11
2005 20 25 23 2 11
2005 21 25 14 11 11
2005 22 10 10 0 11
2005 23 26 19 7 11
2005 24 23 20 3 11
2005 25 17 15 2 11
2005 26 23 11 12 11
2005 27 18 12 6 11
2005 28 22 15 7 11
2005 29 23 10 13 11
2005 30 20 20 0 11
2005 31 32 13 19 11
2005 32 15 18 -3 11
2005 33 22 12 10 11
2005 34 13 23 -10 11
2005 35 17 16 1 11
2005 36 21 11 10 11
2005 37 29 10 19 11
2005 38 17 13 4 11
2005 39 21 8 13 11
2005 40 24 15 9 11
2005 41 15 10 5 11
2005 42 24 18 6 11
2006 1 11 7 4 10
2006 2 21 5 16 10
2006 3 18 15 3 10
2006 4 15 10 5 10
2006 5 14 11 3 10
2006 6 15 15 0 10
2006 7 25 13 12 10
2006 8 11 10 1 10
2006 9 12 9 3 10
2006 10 12 12 0 10
2006 11 19 12 7 10
2006 12 18 12 6 10
2006 13 17 13 4 10
2006 14 11 9 2 10
2006 15 16 8 8 10
2006 16 12 13 -1 10
2006 17 14 17 -3 10
2006 18 17 12 5 10
2006 19 22 9 13 10
2006 20 13 13 0 10
2006 21 16 10 6 10
2006 22 15 15 0 10
2006 23 14 7 7 10
2006 24 17 5 12 10
2006 25 17 8 9 10
2006 26 16 8 8 10
2006 27 23 13 10 10
2006 28 17 9 8 10
2006 29 19 12 7 10
2006 30 18 15 3 10
2006 31 14 11 3 10
2006 32 16 21 -5 10
2006 33 12 11 1 10
2006 34 18 8 10 10
2006 35 13 10 3 10
2006 36 13 11 2 10
2006 37 14 15 -1 10
2006 38 19 12 7 10
2007 1 21 18 3 10
2007 2 16 15 1 10
2007 3 14 11 3 10
2007 4 16 10 6 10
2007 5 20 14 6 10
2007 6 17 12 5 10
2007 7 9 17 -8 10
2007 8 15 11 4 10
2007 9 17 6 11 10
2007 10 15 8 7 10
2007 11 13 9 4 10
2007 12 19 11 8 10
2007 13 20 10 10 10
2007 14 21 11 10 10
2007 15 15 19 -4 10
2007 16 17 12 5 10
2007 17 14 16 -2 10
2007 18 19 7 12 10
2007 19 16 7 9 10
2007 20 16 8 8 10
2007 21 16 14 2 10
2007 22 23 13 10 10
2007 23 22 7 15 10
2007 24 16 13 3 10
2007 25 18 5 13 10
2007 26 18 13 5 10
2007 27 13 10 3 10
2007 28 14 12 2 10
2007 29 14 8 6 10
2007 30 17 7 10 10
2007 31 9 9 0 10
2007 32 22 4 18 10
2007 33 16 12 4 10
2007 34 14 10 4 10
2007 35 18 12 6 10
2007 36 19 7 12 10
2007 37 18 13 5 10
2007 38 17 12 5 10
2008 1 15 11 4 10
2008 2 14 7 7 10
2008 3 19 7 12 10
2008 4 12 4 8 10
2008 5 26 4 22 10
2008 6 19 15 4 10
2008 7 14 13 1 10
2008 8 14 8 6 10
2008 9 16 5 11 10
2008 10 24 8 16 10
2008 11 16 13 3 10
2008 12 20 9 11 10
2008 13 19 9 10 10
2008 14 20 15 5 10
2008 15 15 12 3 10
2008 16 22 9 13 10
2008 17 17 15 2 10
2008 18 18 9 9 10
2008 19 18 8 10 10
2008 20 21 5 16 10
2008 21 16 9 7 10
2008 22 18 10 8 10
2008 23 11 8 3 10
2008 24 13 11 2 10
2008 25 18 11 7 10
2008 26 18 10 8 10
2008 27 17 6 11 10
2008 28 21 15 6 10
2008 29 11 10 1 10
2008 30 12 13 -1 10
2008 31 20 11 9 10
2008 32 13 8 5 10
2008 33 16 7 9 10
2008 34 10 9 1 10
2008 35 31 10 21 10
2008 36 24 14 10 10
2008 37 11 16 -5 10
2008 38 19 13 6 10
2009 1 13 12 1 10
2009 2 14 10 4 10
2009 3 14 16 -2 10
2009 4 17 11 6 10
2009 5 18 13 5 10
2009 6 17 4 13 10
2009 7 24 19 5 10
2009 8 20 9 11 10
2009 9 16 11 5 10
2009 10 23 14 9 10
2009 11 19 15 4 10
2009 12 14 13 1 10
2009 13 14 11 3 10
2009 14 14 19 -5 10
2009 15 21 9 12 10
2009 16 15 12 3 10
2009 17 21 8 13 10
2009 18 16 11 5 10
2009 19 17 12 5 10
2009 20 14 10 4 10
2009 21 22 8 14 10
2009 22 23 9 14 10
2009 23 12 13 -1 10
2009 24 17 10 7 10
2009 25 18 8 10 10
2009 26 16 11 5 10
2009 27 16 17 -1 10
2009 28 17 11 6 10
2009 29 13 11 2 10
2009 30 15 7 8 10
2009 31 16 13 3 10
2009 32 18 7 11 10
2009 33 16 11 5 10
2009 34 15 10 5 10
2009 35 21 10 11 10
2009 36 18 13 5 10
2009 37 29 15 14 10
2009 38 16 12 4 10
2010 1 18 9 9 10
2010 2 15 13 2 10
2010 3 20 10 10 10
2010 4 21 10 11 10
2010 5 13 11 2 10
2010 6 14 7 7 10
2010 7 15 11 4 10
2010 8 9 12 -3 10
2010 9 17 9 8 10
2010 10 15 11 4 10
2010 11 10 6 4 10
2010 12 13 11 2 10
2010 13 13 5 8 10
2010 14 21 11 10 10
2010 15 13 7 6 10
2010 16 4 11 -7 10
2010 17 16 12 4 10
2010 18 12 8 4 10
2010 19 19 14 5 10
2010 20 15 7 8 10
2010 21 11 7 4 10
2010 22 19 16 3 10
2010 23 13 16 -3 10
2010 24 20 13 7 10
2010 25 20 14 6 10
2010 26 20 7 13 10
2010 27 13 13 0 10
2010 28 16 7 9 10
2010 29 17 12 5 10
2010 30 18 6 12 10
2010 31 15 13 2 10
2010 32 15 12 3 10
2010 33 13 10 3 10
2010 34 15 10 5 10
2010 35 17 10 7 10
2010 36 16 17 -1 10
2010 37 16 14 2 10
2010 38 14 5 9 10
2011 1 14 10 4 10
2011 2 12 11 1 10
2011 3 20 11 9 10
2011 4 20 11 9 10
2011 5 12 8 4 10
2011 6 20 8 12 10
2011 7 14 18 -4 10
2011 8 18 6 12 10
2011 9 13 5 8 10
2011 10 13 10 3 10
2011 11 9 10 -1 10
2011 12 17 14 3 10
2011 13 19 13 6 10
2011 14 14 11 3 10
2011 15 17 8 9 10
2011 16 24 10 14 10
2011 17 16 15 1 10
2011 18 12 11 1 10
2011 19 14 13 1 10
2011 20 21 17 4 10
2011 21 20 10 10 10
2011 22 20 13 7 10
2011 23 15 9 6 10
2011 24 16 6 10 10
2011 25 11 8 3 10
2011 26 15 16 -1 10
2011 27 17 10 7 10
2011 28 21 8 13 10
2011 29 15 13 2 10
2011 30 14 8 6 10
2011 31 12 14 -2 10
2011 32 19 10 9 10
2011 33 19 13 6 10
2011 34 16 10 6 10
2011 35 13 9 4 10
2011 36 11 14 -3 10
2011 37 15 9 6 10
2011 38 22 7 15 10
2012 1 12 8 4 10
2012 2 11 10 1 10
2012 3 16 12 4 10
2012 4 13 6 7 10
2012 5 16 5 11 10
2012 6 16 16 0 10
2012 7 15 18 -3 10
2012 8 18 7 11 10
2012 9 16 14 2 10
2012 10 17 11 6 10
2012 11 15 13 2 10
2012 12 14 11 3 10
2012 13 14 5 9 10
2012 14 13 9 4 10
2012 15 9 10 -1 10
2012 16 11 10 1 10
2012 17 13 11 2 10
2012 18 23 6 17 10
2012 19 11 12 -1 10
2012 20 18 11 7 10
2012 21 20 5 15 10
2012 22 15 9 6 10
2012 23 17 11 6 10
2012 24 14 8 6 10
2012 25 12 12 0 10
2012 26 12 12 0 10
2012 27 16 5 11 10
2012 28 21 5 16 10
2012 29 14 14 0 10
2012 30 17 7 10 10
2012 31 18 12 6 10
2012 32 9 8 1 10
2012 33 14 8 6 10
2012 34 9 13 -4 10
2012 35 20 10 10 10
2012 36 13 12 1 10
2012 37 11 16 -5 10
2012 38 16 9 7 10
2013 1 18 8 10 10
2013 2 16 11 5 10
2013 3 15 9 6 10
2013 4 15 10 5 10
2013 5 11 12 -1 10
2013 6 15 16 -1 10
2013 7 15 9 6 10
2013 8 15 11 4 10
2013 9 19 9 10 10
2013 10 17 10 7 10
2013 11 14 11 3 10
2013 12 10 11 -1 10
2013 13 12 12 0 10
2013 14 18 9 9 10
2013 15 11 10 1 10
2013 16 16 10 6 10
2013 17 15 12 3 10
2013 18 16 14 2 10
2013 19 11 8 3 10
2013 20 15 10 5 10
2013 21 10 13 -3 10
2013 22 18 11 7 10
2013 23 8 6 2 10
2013 24 19 13 6 10
2013 25 18 8 10 10
2013 26 13 11 2 10
2013 27 11 10 1 10
2013 28 19 8 11 10
2013 29 11 6 5 10
2013 30 14 13 1 10
2013 31 18 14 4 10
2013 32 14 5 9 10
2013 33 12 8 4 10
2013 34 15 6 9 10
2013 35 18 8 10 10
2013 36 18 6 12 10
2013 37 15 10 5 10
2013 38 13 10 3 10
2014 1 11 5 6 10
2014 2 12 10 2 10
2014 3 13 12 1 10
2014 4 17 9 8 10
2014 5 9 9 0 10
2014 6 18 11 7 10
2014 7 8 10 -2 10
2014 8 9 7 2 10
2014 9 15 7 8 10
2014 10 13 11 2 10
2014 11 10 5 5 10
2014 12 18 12 6 10
2014 13 15 5 10 10
2014 14 12 5 7 10
2014 15 12 8 4 10
2014 16 16 5 11 10
2014 17 11 6 5 10
2014 18 14 8 6 10
2014 19 12 9 3 10
2014 20 17 7 10 10
2014 21 19 2 17 10
2014 22 16 12 4 10
2014 23 20 10 10 10
2014 24 17 6 11 10
2014 25 16 10 6 10
2014 26 17 8 9 10
2014 27 13 6 7 10
2014 28 19 6 13 10
2014 29 16 11 5 10
2014 30 9 6 3 10
2014 31 19 9 10 10
2014 32 12 10 2 10
2014 33 16 10 6 10
2014 34 9 11 -2 10
2014 35 9 14 -5 10
2014 36 15 8 7 10
2014 37 21 9 12 10
2014 38 15 11 4 10
2015 1 18 10 8 10
2015 2 14 3 11 10
2015 3 11 4 7 10
2015 4 15 14 1 10
2015 5 15 11 4 10
2015 6 12 8 4 10
2015 7 12 12 0 10
2015 8 11 8 3 10
2015 9 15 7 8 10
2015 10 18 4 14 10
2015 11 8 12 -4 10
2015 12 14 10 4 10
2015 13 14 13 1 10
2015 14 11 5 6 10
2015 15 10 10 0 10
2015 16 15 6 9 10
2015 17 16 5 11 10
2015 18 16 10 6 10
2015 19 12 12 0 10
2015 20 22 6 16 10
2015 21 14 10 4 10
2015 22 16 6 10 10
2015 23 15 13 2 10
2015 24 12 4 8 10
2015 25 16 9 7 10
2015 26 12 15 -3 10
2015 27 22 9 13 10
2015 28 19 12 7 10
2015 29 18 12 6 10
2015 30 20 6 14 10
2015 31 19 15 4 10
2015 32 5 7 -2 10
2015 33 12 8 4 10
2015 34 14 10 4 10
2015 35 16 11 5 10
2015 36 16 8 8 10
2015 37 17 9 8 10
2015 38 13 8 5 10
2016 1 11 3 8 10
2016 2 18 13 5 10
2016 3 18 11 7 10
2016 4 10 9 1 10
2016 5 13 12 1 10
2016 6 14 8 6 10
2016 7 15 13 2 10
2016 8 19 9 10 10
2016 9 22 10 12 10
2016 10 8 13 -5 10
2016 11 18 10 8 10
2016 12 22 15 7 10
2016 13 15 8 7 10
2016 14 11 8 3 10
2016 15 17 14 3 10
2016 16 12 12 0 10
2016 17 16 6 10 10
2016 18 17 9 8 10
2016 19 17 10 7 10
2016 20 15 6 9 10
2016 21 15 11 4 10
2016 22 10 9 1 10
2016 23 19 8 11 10
2016 24 19 13 6 10
2016 25 11 8 3 10
2016 26 10 10 0 10
2016 27 18 5 13 10
2016 28 16 10 6 10
2016 29 12 7 5 10
2016 30 13 7 6 10
2016 31 16 8 8 10
2016 32 11 7 4 10
2016 33 10 6 4 10
2016 34 17 9 8 10
2016 35 9 11 -2 10
2016 36 21 7 14 10
2016 37 14 7 7 10
2016 38 15 6 9 9
2017 1 26 7 19 10
2017 2 10 10 0 10
2017 3 15 11 4 10
2017 4 12 3 9 10
2017 5 17 12 5 10
2017 6 19 11 8 10
2017 7 11 7 4 10
2017 8 10 17 -7 10
2017 9 18 9 9 10
2017 10 9 10 -1 10
2017 11 14 7 7 10
2017 12 12 14 -2 10
2017 13 7 20 -13 10
2017 14 17 12 5 10
2017 15 14 8 6 10
2017 16 10 12 -2 10
2017 17 9 14 -5 10
2017 18 16 16 0 10
2017 19 12 6 6 10
2017 20 12 6 6 10
2017 21 12 6 6 10
2017 22 15 10 5 10
2017 23 13 10 3 10
2017 24 13 8 5 10
2017 25 10 12 -2 10
2017 26 8 11 -3 10
2017 27 14 13 1 10
2017 28 12 10 2 10
2017 29 16 11 5 10
2017 30 15 12 3 10
2017 31 12 11 1 10
2017 32 19 9 10 10
2017 33 15 15 0 10
2017 34 15 7 8 10
2017 35 21 10 11 10
2017 36 17 4 13 10
2017 37 11 14 -3 10
2017 38 18 12 6 10
2018 1 20 7 13 10
2018 2 9 7 2 10
2018 3 8 9 -1 10
2018 4 20 11 9 10
2018 5 18 13 5 10
2018 6 15 3 12 10
2018 7 12 12 0 10
2018 8 17 7 10 10
2018 9 18 13 5 10
2018 10 6 9 -3 10
2018 11 19 12 7 10
2018 12 13 5 8 10
2018 13 14 7 7 10
2018 14 18 7 11 10
2018 15 13 5 8 10
2018 16 19 11 8 10
2018 17 7 6 1 10
2018 18 14 9 5 10
2018 19 11 9 2 10
2018 20 9 7 2 10
2018 21 16 5 11 10
2018 22 11 8 3 10
2018 23 13 5 8 10
2018 24 10 3 7 10
2018 25 14 5 9 10
2018 26 18 14 4 10
2018 27 17 9 8 10
2018 28 14 12 2 10
2018 29 17 2 15 10
2018 30 13 12 1 10
2018 31 18 11 7 10
2018 32 12 10 2 10
2018 33 11 9 2 10
2018 34 11 5 6 10
2018 35 10 5 5 10
2018 36 19 4 15 10
2018 37 10 8 2 10
2018 38 11 6 5 10
2019 1 25 8 17 10
2019 2 15 11 4 10
2019 3 13 11 2 10
2019 4 11 7 4 10
2019 5 17 9 8 10
2019 6 12 10 2 10
2019 7 17 4 13 10
2019 8 11 5 6 10
2019 9 13 8 5 10
2019 10 15 7 8 10
2019 11 12 10 2 10
2019 12 10 11 -1 10
2019 13 19 10 9 10
2019 14 18 13 5 10
2019 15 10 8 2 10
2019 16 14 11 3 10
2019 17 12 4 8 10
2019 18 10 16 -6 10
2019 19 10 8 2 10
2019 20 11 10 1 10
2019 21 23 10 13 10
2019 22 11 6 5 10
2019 23 8 10 -2 10
2019 24 15 5 10 10
2019 25 9 7 2 10
2019 26 12 13 -1 10
2019 27 14 10 4 10
2019 28 16 9 7 10
2019 29 13 14 -1 10
2019 30 17 8 9 10
2019 31 12 11 1 10
2019 32 9 11 -2 10
2019 33 9 5 4 10
2019 34 17 16 1 10
2019 35 15 7 8 10
2019 36 13 11 2 10
2019 37 22 5 17 10
2019 38 15 12 3 10
2020 1 7 13 -6 10
2020 2 17 6 11 10
2020 3 13 7 6 10
2020 4 13 13 0 10
2020 5 10 7 3 10
2020 6 11 11 0 10
2020 7 14 14 0 10
2020 8 14 12 2 10
2020 9 13 14 -1 10
2020 10 15 11 4 10
2020 11 17 10 7 10
2020 12 16 8 8 10
2020 13 15 11 4 10
2020 14 18 10 8 10
2020 15 14 10 4 10
2020 16 11 15 -4 10
2020 17 14 11 3 10
2020 18 17 12 5 10
2020 19 15 10 5 10
2020 20 13 8 5 10
2020 21 14 15 -1 10
2020 22 14 9 5 10
2020 23 14 16 -2 10
2020 24 12 9 3 10
2020 25 15 7 8 10
2020 26 16 11 5 10
2020 27 12 8 4 10
2020 28 15 11 4 10
2020 29 12 7 5 10
2020 30 15 13 2 10
2020 31 18 17 1 10
2020 32 19 12 7 10
2020 33 12 9 3 10
2020 34 14 8 6 10
2020 35 16 16 0 10
2020 36 14 10 4 10
2020 37 8 12 -4 10
2020 38 19 5 14 10
2021 1 13 12 1 10
2021 2 19 13 6 10
2021 3 9 6 3 10
2021 4 7 11 -4 10
2021 5 12 9 3 10
2021 6 18 12 6 10
2021 7 11 8 3 10
2021 8 14 15 -1 10
2021 9 8 10 -2 10
2021 10 13 7 6 10
2021 11 13 11 2 10
2021 12 7 18 -11 10
2021 13 15 6 9 10
2021 14 9 8 1 10
2021 15 8 13 -5 10
2021 16 18 10 8 10
2021 17 8 12 -4 10
2021 18 8 8 0 10
2021 19 14 10 4 10
2021 20 10 12 -2 10
2021 21 12 9 3 10
2021 22 15 6 9 10
2021 23 12 12 0 10
2021 24 14 13 1 10
2021 25 13 13 0 10
2021 26 15 5 10 10
2021 27 10 8 2 10
2021 28 18 7 11 10
2021 29 10 5 5 10
2021 30 9 7 2 10
2021 31 20 6 14 10
2021 32 17 15 2 10
2021 33 9 7 2 10
2021 34 13 6 7 10
2021 35 18 5 13 10
2021 36 14 9 5 10
2021 37 12 9 3 10
2021 38 18 6 12 10
2022 1 16 10 6 10
2022 2 20 10 10 10
2022 3 14 9 5 10
2022 4 11 8 3 10
2022 5 11 10 1 10
2022 6 18 9 9 10
2022 7 9 9 0 10
2022 8 10 11 -1 10
2022 9 9 12 -3 10
2022 10 17 12 5 10
2022 11 9 9 0 10
2022 12 17 11 6 10
2022 13 14 9 5 10
2022 14 17 8 9 10
2022 15 12 13 -1 10
2022 16 15 4 11 10
2022 17 9 8 1 10
2022 18 22 11 11 10
2022 19 13 10 3 10
2022 20 17 7 10 10
2022 21 14 11 3 10
2022 22 14 4 10 10
2022 23 13 10 3 10
2022 24 10 5 5 10
2022 25 12 14 -2 10
2022 26 13 7 6 10
2022 27 11 10 1 10
2022 28 18 6 12 10
2022 29 17 10 7 10
2022 30 16 13 3 10
2022 31 16 11 5 10
2022 32 5 10 -5 10
2022 33 14 12 2 10
2022 34 17 13 4 10
2022 35 14 15 -1 10
2022 36 12 10 2 10
2022 37 24 7 17 10
2022 38 14 13 1 10
2023 1 16 10 6 10
2023 2 15 10 5 10
2023 3 16 16 0 10
2023 4 17 15 2 10
2023 5 15 12 3 10
2023 6 13 13 0 10
2023 7 15 8 7 10
2023 8 16 6 10 10
2023 9 12 10 2 10
2023 10 15 11 4 10
2023 11 11 9 2 10
2023 12 17 9 8 10
2023 13 14 9 5 10
2023 14 12 10 2 10
2023 15 12 7 5 10
2023 16 11 8 3 10
2023 17 15 17 -2 10
2023 18 13 8 5 10
2023 19 18 6 12 10
2023 20 14 10 4 10
2023 21 19 5 14 10
2023 22 10 5 5 10
2023 23 16 16 0 10
2023 24 13 8 5 10
2023 25 17 8 9 10
2023 26 14 18 -4 10
2023 27 10 17 -7 10
2023 28 17 7 10 10
2023 29 25 15 10 10
2023 30 13 13 0 10
2023 31 12 14 -2 10
2023 32 7 6 1 10
2023 33 11 15 -4 10
2023 34 14 8 6 10
2023 35 10 13 -3 10
2023 36 11 18 -7 10
2023 37 15 6 9 10
2023 38 18 11 7 10
2024 1 16 12 4 10
2024 2 13 6 7 10
2024 3 16 8 8 10
2024 4 10 13 -3 10
2024 5 8 12 -4 10
2024 6 14 13 1 10
2024 7 7 16 -9 10
2024 8 15 8 7 10
2024 9 16 15 1 10
2024 10 16 8 8 10
2024 11 17 9 8 10
2024 12 16 9 7 10
2024 13 14 8 6 10
2024 14 18 14 4 10
2024 15 19 6 13 10
2024 16 12 13 -1 10
2024 17 13 8 5 10
2024 18 13 4 9 10
2024 19 14 8 6 10
2024 20 9 12 -3 10
2024 21 11 13 -2 10
2024 22 14 9 5 10
2024 23 14 13 1 10
2024 24 15 7 8 10
2024 25 16 13 3 10
2024 26 19 9 10 10
2024 27 15 8 7 10
2024 28 14 5 9 10
2024 29 13 9 4 10
2024 30 16 12 4 10
2024 31 19 14 5 10
2024 32 11 11 0 10
2024 33 13 5 8 10
2024 34 11 12 -1 10
2024 35 13 9 4 10
2024 36 17 19 -2 10
2024 37 13 12 1 10
2024 38 16 11 5 10
2025 1 14 7 7 10
2025 2 17 8 9 10
2025 3 13 8 5 10
2025 4 21 9 12 10
2025 5 12 8 4 10
2025 6 15 8 7 10
2025 7 12 6 6 10
2025 8 19 9 10 10
2025 9 13 6 7 10
2025 10 8 11 -3 10
2025 11 10 10 0 10
2025 12 15 19 -4 10
2025 13 15 8 7 10
2025 14 12 8 4 10
2025 15 17 5 12 10
2025 16 12 16 -4 10
2025 17 17 9 8 10
2025 18 14 12 2 10
2025 19 14 18 -4 10
2025 20 11 21 -10 10
2025 21 24 10 14 10
2025 22 17 9 8 10
2025 23 12 11 1 10
2025 24 15 8 7 10
2025 25 14 7 7 10
2025 26 11 8 3 10
2025 27 21 9 12 10
2025 28 18 11 7 10
2025 29 17 5 12 10
2025 30 11 9 2 10
2025 31 13 7 6 10
2025 32 15 7 8 10
2025 33 12 16 -4 10
2025 34 21 16 5 10
2025 35 18 7 11 10
2025 36 24 9 15 10
2025 37 13 10 3 10
2025 38 23 14 9 10
